Geometric path with 30 states
RealVectorState [0 -1 0 -2 0 2 0 0.05 0 -1 0 -2 0 2 0 0.05]
RealVectorState [-0.0553646 -0.934411 -0.151511 -1.82173 -0.0380856 2.02593 -0.204928 0.0480016 -0.0870734 -0.967464 -0.0621284 -1.98585 -0.0747255 2.02027 -0.130483 0.070235]
RealVectorState [-0.110729 -0.868823 -0.303021 -1.64346 -0.0761712 2.05186 -0.409856 0.0460032 -0.174147 -0.934928 -0.124257 -1.97169 -0.149451 2.04053 -0.260965 0.09047]
RealVectorState [-0.166094 -0.803234 -0.454532 -1.46518 -0.114257 2.07778 -0.614784 0.0440047 -0.26122 -0.902393 -0.186385 -1.95754 -0.224177 2.0608 -0.391448 0.110705]
RealVectorState [-0.221458 -0.737646 -0.606042 -1.28691 -0.152342 2.10371 -0.819712 0.0420063 -0.348294 -0.869857 -0.248514 -1.94339 -0.298902 2.08106 -0.52193 0.13094]
RealVectorState [-0.276823 -0.672057 -0.757553 -1.10864 -0.190428 2.12964 -1.02464 0.0400079 -0.435367 -0.837321 -0.310642 -1.92923 -0.373628 2.10133 -0.652413 0.151175]
RealVectorState [-0.332187 -0.606469 -0.909064 -0.930368 -0.228514 2.15557 -1.22957 0.0380095 -0.52244 -0.804785 -0.372771 -1.91508 -0.448353 2.12159 -0.782895 0.17141]
RealVectorState [-0.387552 -0.54088 -1.06057 -0.752096 -0.266599 2.1815 -1.4345 0.036011 -0.609514 -0.772249 -0.434899 -1.90092 -0.523079 2.14186 -0.913378 0.191645]
RealVectorState [-0.442916 -0.475292 -1.21208 -0.573824 -0.304685 2.20742 -1.63942 0.0340126 -0.696587 -0.739714 -0.497027 -1.88677 -0.597804 2.16212 -1.04386 0.21188]
RealVectorState [-0.498281 -0.409703 -1.3636 -0.395552 -0.34277 2.23335 -1.84435 0.0320142 -0.783661 -0.707178 -0.559156 -1.87262 -0.67253 2.18239 -1.17434 0.232115]
RealVectorState [-0.553646 -0.344114 -1.51511 -0.217281 -0.380856 2.25928 -2.04928 0.0300158 -0.870734 -0.674642 -0.621284 -1.85846 -0.747255 2.20265 -1.30483 0.25235]
RealVectorState [-0.60901 -0.278526 -1.66662 -0.0390086 -0.418941 2.28521 -2.25421 0.0280173 -0.957808 -0.642106 -0.683413 -1.84431 -0.821981 2.22292 -1.43531 0.272585]
RealVectorState [-0.664375 -0.212937 -1.81813 0.139263 -0.457027 2.31114 -2.45914 0.0260189 -1.04488 -0.609571 -0.745541 -1.83016 -0.896706 2.24318 -1.56579 0.29282]
RealVectorState [-0.719739 -0.147349 -1.96964 0.317535 -0.495113 2.33707 -2.66406 0.0240205 -1.13195 -0.577035 -0.80767 -1.816 -0.971432 2.26345 -1.69627 0.313055]
RealVectorState [-0.775104 -0.0817601 -2.12115 0.495807 -0.533198 2.36299 -2.86899 0.0220221 -1.21903 -0.544499 -0.869798 -1.80185 -1.04616 2.28371 -1.82676 0.33329]
RealVectorState [-0.830468 -0.0161716 -2.27266 0.674079 -0.571284 2.38892 -3.07392 0.0200236 -1.3061 -0.511963 -0.931926 -1.7877 -1.12088 2.30398 -1.95724 0.353525]
RealVectorState [-0.796071 0.0808771 -2.07717 0.562482 -0.563508 2.40898 -2.85733 0.0195524 -1.23783 -0.378987 -0.830619 -1.7241 -1.07529 2.33002 -1.82189 0.329685]
RealVectorState [-0.761674 0.177926 -1.88167 0.450884 -0.555733 2.42905 -2.64074 0.0190812 -1.16955 -0.246011 -0.729311 -1.66051 -1.02969 2.35607 -1.68654 0.305845]
RealVectorState [-0.727277 0.274974 -1.68618 0.339286 -0.547958 2.44911 -2.42414 0.01861 -1.10128 -0.113035 -0.628003 -1.59692 -0.984096 2.38211 -1.55118 0.282006]
RealVectorState [-0.692879 0.372023 -1.49069 0.227689 -0.540182 2.46917 -2.20755 0.0181388 -1.033 0.0199406 -0.526695 -1.53333 -0.938501 2.40815 -1.41583 0.258166]
RealVectorState [-0.658482 0.469072 -1.29519 0.116091 -0.532407 2.48923 -1.99096 0.0176676 -0.964724 0.152917 -0.425388 -1.46974 -0.892905 2.4342 -1.28048 0.234326]
RealVectorState [-0.624085 0.566121 -1.0997 0.00449324 -0.524632 2.50929 -1.77437 0.0171964 -0.896449 0.285892 -0.32408 -1.40615 -0.84731 2.46024 -1.14513 0.210486]
RealVectorState [-0.589688 0.663169 -0.904207 -0.107104 -0.516856 2.52936 -1.55778 0.0167252 -0.828174 0.418868 -0.222772 -1.34256 -0.801714 2.48629 -1.00978 0.186646]
RealVectorState [-0.55529 0.760218 -0.708713 -0.218702 -0.509081 2.54942 -1.34118 0.016254 -0.759898 0.551844 -0.121464 -1.27896 -0.756119 2.51233 -0.874429 0.162806]
RealVectorState [-0.520893 0.857267 -0.51322 -0.3303 -0.501306 2.56948 -1.12459 0.0157828 -0.691623 0.68482 -0.0201567 -1.21537 -0.710523 2.53838 -0.739078 0.138966]
RealVectorState [-0.486496 0.954315 -0.317727 -0.441897 -0.49353 2.58954 -0.907998 0.0153115 -0.623347 0.817796 0.081151 -1.15178 -0.664928 2.56442 -0.603727 0.115127]
RealVectorState [-0.452099 1.05136 -0.122234 -0.553495 -0.485755 2.6096 -0.691406 0.0148403 -0.555072 0.950772 0.182459 -1.08819 -0.619332 2.59047 -0.468376 0.0912867]
RealVectorState [-0.417701 1.14841 0.0732595 -0.665093 -0.47798 2.62967 -0.474814 0.0143691 -0.486797 1.08375 0.283767 -1.0246 -0.573737 2.61651 -0.333024 0.0674468]
RealVectorState [-0.383304 1.24546 0.268753 -0.77669 -0.470204 2.64973 -0.258222 0.0138979 -0.418521 1.21672 0.385074 -0.961006 -0.528141 2.64256 -0.197673 0.043607]
RealVectorState [-0.348907 1.34251 0.464246 -0.888288 -0.462429 2.66979 -0.0416295 0.0134267 -0.350246 1.3497 0.486382 -0.897415 -0.482546 2.6686 -0.0623223 0.0197671]

